NEW SPACE
CLUSTER-1 {size: 5017, centroid: [8484, 16879, 15210, 21209, 13144, 0, 13131, 1804, 25499, 17368] }
CLUSTER-2 {size: 8795, centroid: [10990, 10065, 13099, 10716, 6190, 0, 21908, 7426, 8484, 25500] }
CLUSTER-3 {size: 3802, centroid: [23534, 9817, 17456, 8067, 22961, 0, 23070, 9310, 8844, 17727] }
CLUSTER-4 {size: 6111, centroid: [7419, 5654, 8582, 17392, 2741, 0, 25500, 4437, 11433, 13409] }
CLUSTER-5 {size: 7396, centroid: [19936, 6717, 12236, 25500, 15583, 0, 12923, 4885, 14176, 20030] }
CLUSTER-6 {size: 5377, centroid: [22662, 12616, 10551, 3681, 5852, 0, 25500, 4833, 8950, 11382] }
CLUSTER-7 {size: 4103, centroid: [18198, 3494, 20958, 10857, 13929, 0, 25500, 11995, 12280, 14975] }
CLUSTER-8 {size: 7610, centroid: [15766, 12161, 13689, 25500, 10351, 0, 18636, 3523, 16709, 9877] }
CLUSTER-9 {size: 6060, centroid: [16457, 8763, 25500, 16522, 0, 0, 9865, 7627, 19798, 7242] }
CLUSTER-10 {size: 5729, centroid: [8399, 6177, 7795, 6595, 19563, 0, 25500, 2636, 5641, 13276] }
clustering_time: 24.2387 seconds
Silhouette: [0.254532, 0.238512, 0.206198, 0.243637, 0.210502, 0.251914, 0.199545, 0.216747, 0.403105, 0.315805, 0.25405]