NEW SPACE
CLUSTER-1 {size: 7089, centroid: [9903, 9607, 12979, 9146, 6598, 0, 20151, 7427, 8043, 25500] }
CLUSTER-2 {size: 5010, centroid: [24082, 13226, 11408, 3472, 6512, 0, 25499, 5177, 8979, 12243] }
CLUSTER-3 {size: 3839, centroid: [20275, 12021, 19814, 24816, 0, 0, 17407, 4734, 21402, 1261] }
CLUSTER-4 {size: 5972, centroid: [21337, 6145, 20282, 9406, 18539, 0, 25499, 11217, 10859, 16067] }
CLUSTER-5 {size: 5109, centroid: [5710, 3831, 7930, 10500, 3899, 0, 25500, 2289, 9687, 7811] }
CLUSTER-6 {size: 10808, centroid: [18121, 8140, 12339, 25500, 14640, 0, 14513, 4453, 14818, 16662] }
CLUSTER-7 {size: 6399, centroid: [14218, 10303, 11778, 19727, 4858, 0, 25500, 6438, 11549, 19329] }
CLUSTER-8 {size: 6048, centroid: [8944, 16534, 15226, 22179, 12566, 0, 14132, 1977, 24690, 15723] }
CLUSTER-9 {size: 5489, centroid: [9498, 7086, 8475, 6856, 22150, 0, 25500, 3680, 5685, 15402] }
CLUSTER-10 {size: 4237, centroid: [15158, 7317, 25500, 14054, 0, 0, 7945, 8533, 18081, 10172] }
clustering_time: 14.9062 seconds
Silhouette: [0.184332, 0.239717, 0.348576, 0.303168, 0.228856, 0.252263, 0.227977, 0.252956, 0.30409, 0.418977, 0.276091]